Jointinfo #0
type: 1
matrix
  1   0   0   0
  0   1   0   0
  0   0   1   0
  0   0   0   1
axis:
  1 0 0

Jointinfo #1
type: 1
matrix
  1   0   0   0
  0   1   0   0
  0   0   1   0
  0   0   0   1
axis:
  0 1 0

Jointinfo #2
type: 1
matrix
  1   0   0   0
  0   1   0   0
  0   0   1   0
  0   0   0   1
axis:
  0 0 1

Jointinfo #3
type: 0
matrix
  0.572301   -0.639564   0.513254   20.0875
  -0.583115   0.122682   0.803073   63.3558
  -0.576584   -0.758885   -0.302728   283.311
  0   0   0   1
axis:
  1 0 0

Jointinfo #4
type: 0
matrix
  0.572301   -0.639564   0.513254   20.0875
  -0.583115   0.122682   0.803073   63.3558
  -0.576584   -0.758885   -0.302728   283.311
  0   0   0   1
axis:
  0 1 0

Jointinfo #5
type: 0
matrix
  0.572301   -0.639564   0.513254   20.0875
  -0.583115   0.122682   0.803073   63.3558
  -0.576584   -0.758885   -0.302728   283.311
  0   0   0   1
axis:
  0 0 1

Jointinfo #6
type: 0
matrix
  0   0   0   0
  0   0   0   0
  0   0   0   0
  0   0   0   0
axis:
  0 0 1

Jointinfo #7
type: 0
matrix
  0   0   0   0
  0   0   0   0
  0   0   0   0
  0   0   0   0
axis:
  1 0 0

Jointinfo #8
type: 0
matrix
  0   0   0   0
  0   0   0   0
  0   0   0   0
  0   0   0   0
axis:
  0 1 0

Jointinfo #9
type: 0
matrix
  0.196708   0.218949   0.756396   20.0208
  -0.64624   -0.400595   0.284018   48.3677
  0.449942   -0.671084   0.0772424   270.249
  0   0   0   1
axis:
  0 0 1

Jointinfo #10
type: 0
matrix
  0.196708   0.218949   0.756396   20.0208
  -0.64624   -0.400595   0.284018   48.3677
  0.449942   -0.671084   0.0772424   270.249
  0   0   0   1
axis:
  1 0 0

Jointinfo #11
type: 0
matrix
  0.224079   0.503735   0.595657   28.7787
  -0.60033   -0.284406   0.466353   32.3439
  0.498156   -0.569327   0.294067   243.406
  0   0   0   1
axis:
  1 0 0

Jointinfo #12
type: 0
matrix
  0.192604   0.788441   0.00566757   40.8684
  -0.62391   0.148836   0.497345   25.5182
  0.482087   -0.122377   0.641393   229.742
  0   0   0   1
axis:
  1 0 0

Jointinfo #13
type: 0
matrix
  0.671443   -0.206759   0.406429   -7.50534
  -0.44714   -0.156635   0.659015   57.1232
  -0.0894429   -0.769081   -0.243482   219.996
  0   0   0   1
axis:
  0 0 1

Jointinfo #14
type: 0
matrix
  0.671443   -0.206759   0.406429   -7.50534
  -0.44714   -0.156635   0.659015   57.1232
  -0.0894429   -0.769081   -0.243482   219.996
  0   0   0   1
axis:
  1 0 0

Jointinfo #15
type: 0
matrix
  0.665497   0.446455   -0.128689   -15.3622
  -0.450184   0.563952   -0.371566   51.1711
  -0.114968   0.376039   0.710033   190.771
  0   0   0   1
axis:
  1 0 0

Jointinfo #16
type: 0
matrix
  0.665497   -0.406953   -0.224214   -5.18299
  -0.450184   -0.661671   -0.135257   64.0292
  -0.114968   0.235263   -0.768247   199.345
  0   0   0   1
axis:
  1 0 0

Jointinfo #17
type: 0
matrix
  0.797043   -0.0913351   0.123083   -16.7954
  -0.153266   -0.479373   0.636774   66.5889
  0.00103769   -0.648559   -0.487995   229.356
  0   0   0   1
axis:
  0 0 1

Jointinfo #18
type: 0
matrix
  0.797043   -0.0913351   0.123083   -16.7954
  -0.153266   -0.479373   0.636774   66.5889
  0.00103769   -0.648559   -0.487995   229.356
  0   0   0   1
axis:
  1 0 0

Jointinfo #19
type: 0
matrix
  0.797035   0.152918   0.0109602   -20.4489
  -0.153308   0.794619   0.0620247   47.414
  0.000955053   -0.062978   0.809198   203.413
  0   0   0   1
axis:
  1 0 0

Jointinfo #20
type: 0
matrix
  0.797035   -0.00817875   -0.153092   -16.7788
  -0.153308   -0.0374678   -0.796154   66.4848
  0.000955053   0.810739   -0.0383385   201.902
  0   0   0   1
axis:
  1 0 0

Jointinfo #21
type: 0
matrix
  0.542645   -0.488779   -0.354122   -26.0856
  -0.236632   -0.610353   0.479837   76.0546
  -0.555258   -0.217564   -0.550567   238.715
  0   0   0   1
axis:
  0 0 1

Jointinfo #22
type: 0
matrix
  0.542645   -0.488779   -0.354122   -26.0856
  -0.236632   -0.610353   0.479837   76.0546
  -0.555258   -0.217564   -0.550567   238.715
  0   0   0   1
axis:
  1 0 0

Jointinfo #23
type: 0
matrix
  0.541008   -0.317709   0.514919   -44.6591
  -0.238581   0.522756   0.573214   52.8611
  -0.55602   -0.533438   0.255057   230.448
  0   0   0   1
axis:
  1 0 0

Jointinfo #24
type: 0
matrix
  0.528687   0.392488   0.474565   -51.9029
  -0.215836   0.703872   -0.341685   64.78
  -0.576779   0.0963676   0.562857   218.285
  0   0   0   1
axis:
  1 0 0

Jointinfo #25
type: 0
matrix
  -0.350591   -0.291922   -0.671295   -35.3757
  -0.730953   0.17981   0.303555   85.5202
  0.0395387   0.735676   -0.340568   248.075
  0   0   0   1
axis:
  0 0 1

Jointinfo #26
type: 0
matrix
  -0.350591   -0.291922   -0.671295   -35.3757
  -0.730953   0.17981   0.303555   85.5202
  0.0395387   0.735676   -0.340568   248.075
  0   0   0   1
axis:
  1 0 0

Jointinfo #27
type: 0
matrix
  -0.335938   -0.732891   -0.0937292   -44.1333
  -0.738857   0.332866   0.0454001   90.9145
  -0.00255529   0.104114   -0.804936   270.145
  0   0   0   1
axis:
  1 0 0

Jointinfo #28
type: 0
matrix
  -0.334499   0.325461   0.664044   -57.3254
  -0.739508   -0.144372   -0.301752   96.9061
  -0.0028817   -0.729384   0.356034   272.019
  0   0   0   1
axis:
  1 0 0