1 - 0 1 2 3 4 5
2 - 0 1 2 3 4 5
3 - 0 1 2 3 4 5

4 - 9 10 0 1 2 3 4 5
5 - 11 9 10 0 1 2 3 4 5
6 - 12 11 9 10 0 1 2 3 4 5
7 - 12 11 9 10 0 1 2 3 4 5

8 - 25 26 0 1 2 3 4 5
9 - 27 25 26 0 1 2 3 4 5
10 - 28 27 25 26 0 1 2 3 4 5
11 - 28 27 25 26 0 1 2 3 4 5

12 - 21 22 0 1 2 3 4 5
13 - 23 21 22 0 1 2 3 4 5
14 - 24 23 21 22 0 1 2 3 4 5
15 - 24 23 21 22 0 1 2 3 4 5

16 - 17 18 0 1 2 3 4 5
17 - 19 17 18 0 1 2 3 4 5
18 - 20 19 17 18 0 1 2 3 4 5
19 - 20 19 17 18 0 1 2 3 4 5

20 - 13 14 0 1 2 3 4 5
21 - 15 13 14 0 1 2 3 4 5
22 - 16 15 13 14 0 1 2 3 4 5
23 - 16 15 13 14 0 1 2 3 4 5

